latent_idx,left_mean_activation,right_mean_activation,right_selectivity,left_active_windows,right_active_windows,matched_position_bins,matched_windows_per_direction,global_place_energy_enrichment,global_decoder_center_displacement,decoder_center_displacement,place_energy_enrichment,pair_min_unit_energy_fraction,pair_known_place_energy_fraction,place_energy_fraction,global_left_mean_activation,global_right_mean_activation,global_right_selectivity,global_left_active_windows,global_right_active_windows,global_matched_position_bins,global_matched_windows_per_direction,right_selection_score,right_passes,left_selection_score,left_passes,is_directional_hit
0,0.0,0.0,0.0,0,0,8,209,1.4391211,-0.00670221131962645,0.08329153814405932,0.95270115,0.4767907,0.331001,0.05657119,0.0,0.0,0.0,0,0,8,939,-1.0,False,-1.0,False,False
1,0.0,0.0,0.0,0,0,8,209,1.6443006,-0.1267894286928421,-0.06333822959381435,2.1072664,0.13553068,0.6407789,0.064119555,0.0,0.0,0.0,0,0,8,939,-1.0,False,-1.0,False,False
2,0.0,0.0,0.0,0,0,8,209,1.197655,0.12477370388175257,0.014028844163474274,0.8402741,0.33822557,0.3507997,0.047530416,0.0,0.0,0.0,0,0,8,939,-1.0,False,-1.0,False,False
3,0.0,0.0,0.0,0,0,8,209,0.93984574,-0.08365187302733246,-0.004619974351398326,0.8919787,0.2775613,0.4745346,0.037684493,0.0,0.0,0.0,0,0,8,939,-1.0,False,-1.0,False,False
4,0.0,0.0,0.0,0,0,8,209,1.5386716,0.05303260235443519,0.02033375747621402,0.97588295,0.17812216,0.31711867,0.06024869,0.0,0.002929590636501297,0.9999999996586554,0,3,8,939,-1.0,False,-1.0,False,False
5,0.0,0.0,0.0,0,0,8,209,0.95548177,0.16426830081071714,-0.19400543730347278,0.6862565,0.2846461,0.35911542,0.038287446,0.0,0.0,0.0,0,0,8,939,-1.0,False,-1.0,False,False
6,0.0,0.0,0.0,0,0,8,209,0.6915575,0.00672383382330366,-0.0004829923295748273,0.47899404,0.3238473,0.34631544,0.028007854,0.0,0.0,0.0,0,0,8,939,-1.0,False,-1.0,False,False
7,0.0,0.0,0.0,0,0,8,209,1.3082685,-0.028345829477425255,0.001847980005804828,1.4279898,0.17314295,0.54575557,0.05169335,0.0,0.0,0.0,0,0,8,939,-1.0,False,-1.0,False,False
8,0.0,0.0,0.0,0,0,8,209,1.0286331,-0.05804926144337935,0.15377787328731277,1.4486233,0.20533384,0.70414966,0.041098244,0.0,0.0,0.0,0,0,8,939,-1.0,False,-1.0,False,False
9,0.0,0.0,0.0,0,0,8,209,0.5923395,0.01813504010166811,-0.13392661796046118,0.75981927,0.3824306,0.6413715,0.024086349,0.0,0.0,0.0,0,0,8,939,-1.0,False,-1.0,False,False
10,0.0,0.0,0.0,0,0,8,209,1.577569,0.012294596948261627,0.07289669492974873,1.5096228,0.30344313,0.47846496,0.06167783,0.0,0.0,0.0,0,0,8,939,-1.0,False,-1.0,False,False
11,0.0,0.0,0.0,0,0,8,209,1.4569563,0.0028208166207815966,0.005437532123066191,0.6067507,0.23916736,0.20822547,0.057232164,0.0,0.0,0.0,0,0,8,939,-1.0,False,-1.0,False,False
12,0.0,0.0,0.0,0,0,8,209,2.4830365,0.021197210283039003,0.029474572616150663,0.51940656,0.19327608,0.10459102,0.093759544,0.0,0.0,0.0,0,0,8,939,-1.0,False,-1.0,False,False
13,0.0,0.0,0.0,0,0,8,209,1.6307898,0.001194922091557249,0.1305975374378658,0.015109598,0.38883722,0.004632602,0.06362619,0.0,0.0,0.0,0,0,8,939,-1.0,False,-1.0,False,False
14,0.0,0.0,0.0,0,0,8,209,0.7126269,0.044520050985539794,0.024682244624698646,0.9460573,0.19909748,0.66378164,0.028836552,0.0,0.0,0.0,0,0,8,939,-1.0,False,-1.0,False,False
15,0.0,0.0,0.0,0,0,8,209,1.3351071,-0.007948770557745621,-0.007984111418221584,1.4680156,0.49628818,0.54977447,0.05269791,0.0,0.0,0.0,0,0,8,939,-1.0,False,-1.0,False,False
16,0.0,0.0,0.0,0,0,8,209,2.1119733,0.05377736667672883,0.007905229228660382,1.0326556,0.44472417,0.24447651,0.08088144,0.0,0.0,0.0,0,0,8,939,-1.0,False,-1.0,False,False
17,0.0,0.0,0.0,0,0,8,209,1.3116481,0.006693483902875386,0.012556407089078236,0.07030749,0.29014933,0.0268012,0.05181993,0.0,0.0,0.0,0,0,8,939,-1.0,False,-1.0,False,False
18,0.0,0.0,0.0,0,0,8,209,1.3298727,-0.011671030719767606,-0.0468315043567733,0.46447554,0.3623204,0.17463157,0.05250215,0.0,0.0,0.0,0,0,8,939,-1.0,False,-1.0,False,False
19,0.0,0.0,0.0,0,0,8,209,1.068412,0.014690318991419649,0.0063580333448549076,1.7777358,0.020907559,0.83195245,0.042619847,0.0,0.0,0.0,0,0,8,939,-1.0,False,-1.0,False,False
20,1.6199256734984913,5.710142569108442,0.5580052954806749,161,218,8,209,279.82678,0.13732784776960988,0.2,546.63745,0.22598685,0.9767427,0.9210083,2.293552475488478,2.908929710737623,0.11828531328339321,777,697,8,939,0.7037131468330587,True,0.0,False,True
21,0.0,0.0,0.0,0,0,8,209,1.1970896,-0.09149357436135697,-0.05583203884205418,0.62583405,0.4612894,0.26139823,0.047509074,0.0,0.0,0.0,0,0,8,939,-1.0,False,-1.0,False,False
22,0.0,0.0,0.0,0,0,8,209,1.3470337,0.03637396540964949,-0.03370119259790827,1.8754606,0.45124328,0.6961449,0.053143628,0.0,0.0,0.0,0,0,8,939,-1.0,False,-1.0,False,False
23,0.0,0.0,0.0,0,0,8,209,1.1644181,-0.1535033939267837,-0.037186449157300905,1.4567363,0.43400294,0.62552124,0.046272412,0.0,0.0,0.0,0,0,8,939,-1.0,False,-1.0,False,False
24,0.0,0.0,0.0,0,0,8,209,1.0489858,0.15447238169773608,-0.10342167798227389,1.0017453,0.471543,0.4774828,0.041877385,0.0,0.0,0.0,0,0,8,939,-1.0,False,-1.0,False,False
25,0.0,0.0,0.0,0,0,8,209,1.3793246,0.0950902008058852,-0.026937245891602707,0.89576685,0.46835083,0.32471216,0.054348346,0.0,0.0,0.0,0,0,8,939,-1.0,False,-1.0,False,False
26,0.0,0.0,0.0,0,0,8,209,0.95983,-0.05891119390744337,-0.07180155169035052,1.6252921,0.156489,0.8466562,0.03845499,0.0,0.0,0.0,0,0,8,939,-1.0,False,-1.0,False,False
27,0.0,0.0,0.0,0,0,8,209,1.2033837,-0.05781341833596282,-0.07669514120838222,1.1176693,0.27194506,0.46438617,0.047746893,0.0,0.0,0.0,0,0,8,939,-1.0,False,-1.0,False,False
28,0.0,0.0,0.0,0,0,8,209,1.1982114,0.10024911484595617,-0.037438666573860885,1.2975218,0.29476222,0.54144114,0.047551457,0.0,0.0,0.0,0,0,8,939,-1.0,False,-1.0,False,False
29,0.0,0.0,0.0,0,0,8,209,0.99947584,0.10829493737852408,0.07388100980569523,1.2809592,0.28231496,0.64081556,0.039979875,0.0,0.0,0.0,0,0,8,939,-1.0,False,-1.0,False,False
30,0.0,0.0,0.0,0,0,8,209,0.9066494,-0.022028219059053056,-0.09758779411933383,1.0843306,0.35037878,0.5979878,0.036401916,0.0,0.0,0.0,0,0,8,939,-1.0,False,-1.0,False,False
31,0.0,0.0,0.0,0,0,8,209,1.862326,-0.008727152679756656,0.12736100232644593,0.30491638,0.23423333,0.0818644,0.07200922,0.0,0.0,0.0,0,0,8,939,-1.0,False,-1.0,False,False
32,0.0,0.0,0.0,0,0,8,209,1.4999862,0.013193913760693676,-0.1518719964160507,0.3922623,0.43837,0.1307553,0.05882302,0.0,0.0,0.0,0,0,8,939,-1.0,False,-1.0,False,False
33,0.0,0.0,0.0,0,0,8,209,1.4975269,0.09805649997197452,-0.10557607020903251,1.0271335,0.4682771,0.34294325,0.058732215,0.0,0.0,0.0,0,0,8,939,-1.0,False,-1.0,False,False
34,0.0,0.0,0.0,0,0,8,209,1.3918977,-0.00022614130111034414,-0.0016619457679962202,2.7341554,0.16942884,0.9821683,0.05481661,0.0,0.0,0.0,0,0,8,939,-1.0,False,-1.0,False,False
35,0.0,0.0,0.0,0,0,8,209,1.6672351,0.08536746040706589,-0.1582991358846046,0.589551,0.10862277,0.17680497,0.06495575,0.0,0.0,0.0,0,0,8,939,-1.0,False,-1.0,False,False
36,0.0,0.0,0.0,0,0,8,209,1.7950056,0.1528780106865334,-0.04555810361315116,1.2569101,0.049019486,0.35011312,0.06958733,0.005957129404456598,0.010345343313912868,0.26917474330397123,5,9,8,939,-1.0,False,-1.0,False,False
37,0.0,0.0,0.0,0,0,8,209,1.0093305,-0.09028834448965745,-0.036599218120282606,0.76353306,0.40134707,0.3782374,0.040358145,0.0,0.0,0.0,0,0,8,939,-1.0,False,-1.0,False,False
38,0.0,0.0,0.0,0,0,8,209,1.1532031,0.1066549312822323,-0.10941491509467077,1.267691,0.21146426,0.5496391,0.045847185,0.0,0.0,0.0,0,0,8,939,-1.0,False,-1.0,False,False
39,0.0,0.0,0.0,0,0,8,209,0.7069246,0.04057276081484418,-0.1448196477543652,0.6842213,0.4026753,0.4839422,0.028612413,0.0,0.0,0.0,0,0,8,939,-1.0,False,-1.0,False,False
40,0.0,0.0,0.0,0,0,8,209,2.94267,0.28763023779446917,-0.15126828753632648,2.904006,0.061761614,0.4934305,0.10921972,0.0,0.0,0.0,0,0,8,939,-1.0,False,-1.0,False,False
41,0.0,0.0,0.0,0,0,8,209,1.0273103,-0.027480915413592877,-0.08826859556093686,0.53155816,0.39568028,0.2587136,0.041047562,0.0,0.0,0.0,0,0,8,939,-1.0,False,-1.0,False,False
42,0.0,0.0,0.0,0,0,8,209,1.8103579,0.03397292220573733,-0.0023561343648624278,1.4564943,0.24606428,0.40226695,0.070140734,0.0,0.0,0.0,0,0,8,939,-1.0,False,-1.0,False,False
43,0.0,0.0,0.0,0,0,8,209,1.4267031,0.2656994315777823,-0.1955754364835705,0.22932999,0.048650134,0.0803706,0.056110427,0.0,0.0,0.0,0,0,8,939,-1.0,False,-1.0,False,False
44,0.0,0.0,0.0,0,0,8,209,1.1156791,0.05704830601225552,0.0,1.8173361,0.0011917752,0.8144528,0.044421624,0.0,0.0,0.0,0,0,8,939,-1.0,False,-1.0,False,False
45,0.0,0.0,0.0,0,0,8,209,1.4034829,0.02149624592721794,0.0242437975830892,2.6965065,0.034572594,0.96064806,0.055247657,0.0,0.0,0.0,0,0,8,939,-1.0,False,-1.0,False,False
46,0.0,0.0,0.0,0,0,8,209,1.0237887,0.054803312614070565,-0.08827643406937108,0.6885348,0.33053565,0.336268,0.04091262,0.0,0.0,0.0,0,0,8,939,-1.0,False,-1.0,False,False
47,0.0,0.0,0.0,0,0,8,209,0.920303,-0.03701534208585716,0.0275729690862086,0.9986191,0.08064564,0.542549,0.036929846,0.0,0.0,0.0,0,0,8,939,-1.0,False,-1.0,False,False
48,0.0,0.0,0.0,0,0,8,209,1.1101401,0.014213660228069136,-0.17385022007578338,0.4115107,0.24872927,0.1853418,0.044210825,0.0,0.0,0.0,0,0,8,939,-1.0,False,-1.0,False,False
49,0.0,0.0,0.0,0,0,8,209,1.1469505,0.2389682475107326,0.08299886063429399,1.0644097,0.26125386,0.46401727,0.045609906,0.0,0.0,0.0,0,0,8,939,-1.0,False,-1.0,False,False
50,0.0,0.0,0.0,0,0,8,209,1.422088,-0.22548668608451805,0.09682457701817349,0.99352646,0.093270786,0.3493196,0.05593907,0.0,0.0,0.0,0,0,8,939,-1.0,False,-1.0,False,False
51,0.0,0.0,0.0,0,0,8,209,1.6055508,-0.06848152519742734,0.10159528509518145,1.7859112,0.3375704,0.5561678,0.062703244,0.0,0.0,0.0,0,0,8,939,-1.0,False,-1.0,False,False
52,0.0,0.0,0.0,0,0,8,209,1.1896981,-0.07814280031334031,-0.019657407243077685,1.2989708,0.25695342,0.5459246,0.047229562,0.0,0.0,0.0,0,0,8,939,-1.0,False,-1.0,False,False
53,0.0,0.0,0.0,0,0,8,209,1.2289795,-0.023019025335389798,-0.05150376261014028,0.4163972,0.11328242,0.16940773,0.048713014,0.0,0.0,0.0,0,0,8,939,-1.0,False,-1.0,False,False
54,0.0,0.0,0.0,0,0,8,209,1.6852895,0.019178709219762113,0.06938282357187936,2.4890032,0.15338299,0.73844975,0.06561303,0.0,0.0,0.0,0,0,8,939,-1.0,False,-1.0,False,False
55,0.0,0.0,0.0,0,0,8,209,4.0797133,0.05292790921593171,0.06020980160562678,4.0319023,0.13997754,0.49414036,0.14529046,0.0,0.0,0.0,0,0,8,939,-1.0,False,-1.0,False,False
56,0.0,0.0,0.0,0,0,8,209,1.0026437,0.000964812067439702,-0.10013777804944984,1.0848395,0.39484206,0.5409896,0.040101495,0.0,0.0,0.0,0,0,8,939,-1.0,False,-1.0,False,False
57,0.0,0.0,0.0,0,0,8,209,2.164545,0.09586736922553596,0.05097501080861355,1.2780441,0.3531557,0.2952223,0.08272819,0.0,0.0,0.0,0,0,8,939,-1.0,False,-1.0,False,False
58,0.0,0.0,0.0,0,0,8,209,1.574139,0.011042716608384906,0.00039196692577458947,3.0291886,0.0053063766,0.96217316,0.061551973,0.0,0.0,0.0,0,0,8,939,-1.0,False,-1.0,False,False
59,0.0,0.0,0.0,0,0,8,209,0.8290091,0.2340595240644478,0.0669801663349121,0.598759,0.37211883,0.36112928,0.033388723,0.0,0.0,0.0,0,0,8,939,-1.0,False,-1.0,False,False
60,0.0,0.0,0.0,0,0,8,209,0.8997567,0.20211272073151226,-0.04177443372605216,1.2689022,0.19242744,0.7051363,0.036135163,0.0,0.0,0.0,0,0,8,939,-1.0,False,-1.0,False,False
61,0.0,0.0,0.0,0,0,8,209,0.6659597,0.03472073786921359,0.030269215029046115,1.2246063,0.1250583,0.9194295,0.026999148,0.0,0.0,0.0,0,0,8,939,-1.0,False,-1.0,False,False
62,0.0,0.0,0.0,0,0,8,209,1.182869,0.062074204626091256,0.16863691664196329,1.1405007,0.3390058,0.48209074,0.046971183,0.0,0.0007418592770894369,0.9999999986520355,0,1,8,939,-1.0,False,-1.0,False,False
63,0.0,0.0,0.0,0,0,8,209,1.0197589,0.08084556392626352,0.009596079380138789,0.80288744,0.48606703,0.39366528,0.040758148,0.0,0.0,0.0,0,0,8,939,-1.0,False,-1.0,False,False
64,0.0,0.0,0.0,0,0,8,209,1.501653,0.012711552717194596,-0.1251203893073385,1.2146714,0.422257,0.40444478,0.058884542,0.0,0.0,0.0,0,0,8,939,-1.0,False,-1.0,False,False
65,0.0,0.0,0.0,0,0,8,209,2.4633763,-0.026240550095800064,0.026111082008714148,2.760307,0.058608655,0.5602692,0.09308628,0.0,0.0,0.0,0,0,8,939,-1.0,False,-1.0,False,False
66,0.0,0.0,0.0,0,0,8,209,2.0023098,0.2373576424747979,0.006005683367033443,1.5609797,0.09302806,0.38979474,0.07700508,0.0024513561195268416,0.0238988717920737,0.8139404237293435,3,17,8,939,-1.0,False,-1.0,False,False
67,0.0,0.0,0.0,0,0,8,209,1.0547465,0.20241653284533867,0.0516047578518683,1.726028,0.21730492,0.81821936,0.042097673,0.0,0.0,0.0,0,0,8,939,-1.0,False,-1.0,False,False
68,0.0,0.0,0.0,0,0,8,209,1.6324489,0.10519032377695614,0.059751437578545785,1.3964022,0.42395532,0.42770168,0.0636868,0.0,0.0,0.0,0,0,8,939,-1.0,False,-1.0,False,False
69,0.0,0.0,0.0,0,0,8,209,1.6441146,-0.018239192457195408,0.0058181222446345715,0.19342403,0.44904113,0.058823165,0.064112745,0.0,0.0,0.0,0,0,8,939,-1.0,False,-1.0,False,False
70,0.0,0.0,0.0,0,0,8,209,1.1478566,0.006857026563990898,-0.07354879519279653,0.65294486,0.46206,0.28441924,0.04564432,0.0,0.0036955286859791563,0.9999999997294027,0,3,8,939,-1.0,False,-1.0,False,False
71,0.0,0.0,0.0,0,0,8,209,2.5869098,-0.25649541359107353,0.017725151974196274,1.2859385,0.15931511,0.24854721,0.09730016,0.0,0.0,0.0,0,0,8,939,-1.0,False,-1.0,False,False
72,0.0,0.0,0.0,0,0,8,209,0.9973472,-0.29038846337992413,0.07085749505610406,1.1829014,0.33276314,0.59302396,0.039898112,0.0,0.0,0.0,0,0,8,939,-1.0,False,-1.0,False,False
73,0.0,0.0,0.0,0,0,8,209,1.5544837,0.01591372313053846,0.013027166808079527,2.2603314,0.018933913,0.7270361,0.060830172,0.0,0.0,0.0,0,0,8,939,-1.0,False,-1.0,False,False
74,0.0,0.0,0.0,0,0,8,209,1.1274834,0.04519919997313682,-0.12290551205303804,0.5981974,0.18931578,0.26527986,0.04487053,0.0,0.0,0.0,0,0,8,939,-1.0,False,-1.0,False,False
75,0.0,0.0,0.0,0,0,8,209,0.9601147,0.15880406010453574,-0.11513413204567086,0.50038064,0.4797839,0.2605838,0.03846595,0.0,0.0,0.0,0,0,8,939,-1.0,False,-1.0,False,False
76,0.0,0.0,0.0,0,0,8,209,1.2027813,-0.20244926440936983,0.022742900078055073,1.0093243,0.26544517,0.4195793,0.04772415,0.0,0.0,0.0,0,0,8,939,-1.0,False,-1.0,False,False
77,0.0,0.0,0.0,0,0,8,209,0.97336644,-0.006002573280628587,-0.05328584745586051,0.89774984,0.12947486,0.4611572,0.03897618,0.0,0.0,0.0,0,0,8,939,-1.0,False,-1.0,False,False
78,0.0,0.0,0.0,0,0,8,209,1.3024695,0.1198641298138996,-0.03344187283724373,1.4710553,0.14056982,0.56471777,0.051475998,0.0,0.0,0.0,0,0,8,939,-1.0,False,-1.0,False,False
79,0.0,0.0,0.0,0,0,8,209,1.6885774,0.016690705992533916,-0.04973407396330426,2.742088,0.10897338,0.811952,0.06573263,0.0,0.0,0.0,0,0,8,939,-1.0,False,-1.0,False,False
80,0.0,0.0,0.0,0,0,8,209,3.0362978,-0.009083352918496046,0.10718947718484217,0.7457517,0.44557407,0.122806065,0.1123045,0.0,0.0,0.0,0,0,8,939,-1.0,False,-1.0,False,False
81,0.0,0.0,0.0,0,0,8,209,1.066932,0.08897131850053364,-0.02123883578630764,1.425131,0.4422471,0.667864,0.042563323,0.0,0.0,0.0,0,0,8,939,-1.0,False,-1.0,False,False
82,2.5912160425665274,1.4805819343722038,-0.27276257674970666,187,155,8,209,133.26268,-0.13781350999901903,-0.13781350999901903,255.38588,0.22590747,0.9582048,0.8473895,2.1744548630790588,2.089706877169137,-0.01987447734685814,783,790,8,939,0.0,False,0.20850188532679786,True,True
83,0.0,0.0,0.0,0,0,8,209,1.5775881,0.004497138646401888,-0.05020938067320635,1.1355387,0.49322975,0.35989708,0.061678536,0.0,0.0,0.0,0,0,8,939,-1.0,False,-1.0,False,False
84,0.0,0.0,0.0,0,0,8,209,0.9434293,-0.21831797704376943,0.003495013543263703,0.5859454,0.49525937,0.31054017,0.037822757,0.0,0.0,0.0,0,0,8,939,-1.0,False,-1.0,False,False
85,0.0,0.0,0.0,0,0,8,209,1.5674225,-0.008282270387927448,-0.0012721329576732554,3.0666938,0.001969792,0.97826004,0.061305474,0.0,0.0,0.0,0,0,8,939,-1.0,False,-1.0,False,False
86,0.0,0.0,0.0,0,0,8,209,1.4622495,0.02265264314200921,0.060603242738849816,0.109743714,0.28495315,0.037525646,0.05742811,0.0,0.0,0.0,0,0,8,939,-1.0,False,-1.0,False,False
87,0.0,0.0,0.0,0,0,8,209,6.270214,0.003376814398806438,0.011763285994271844,11.990751,0.015271093,0.9561676,0.20714134,0.0,0.0,0.0,0,0,8,939,-1.0,False,-1.0,False,False
88,0.0,0.0,0.0,0,0,8,209,0.9997542,0.004497989125945123,0.03152973386646302,0.0349659,0.30509183,0.017487248,0.039990567,0.0,0.0,0.0,0,0,8,939,-1.0,False,-1.0,False,False
89,0.0,0.0,0.0,0,0,8,209,1.2389375,-0.1409987363156796,0.15964140327950452,1.7601833,0.4269487,0.7103601,0.049088337,0.0,0.0,0.0,0,0,8,939,-1.0,False,-1.0,False,False
90,0.0,0.0,0.0,0,0,8,209,1.5488323,-0.07482904809295537,0.000531555019370078,2.3651242,0.0008937079,0.7635186,0.060622435,0.0,0.0,0.0,0,0,8,939,-1.0,False,-1.0,False,False
91,0.0,0.0,0.0,0,0,8,209,0.92421514,-0.12046418172049456,-0.05243636951261543,1.0913104,0.42181695,0.59039843,0.037081007,0.0,0.0,0.0,0,0,8,939,-1.0,False,-1.0,False,False
92,0.0,0.0,0.0,0,0,8,209,1.9017147,0.032150765738970244,0.004369628378926849,3.1916764,0.0146898795,0.83915746,0.0734204,0.0,0.0,0.0,0,0,8,939,-1.0,False,-1.0,False,False
93,0.0,0.0,0.0,0,0,8,209,1.0270166,0.2100400162252577,-0.0019048819914426196,0.4637011,0.0652031,0.22575149,0.04103632,0.0,0.0,0.0,0,0,8,939,-1.0,False,-1.0,False,False
94,1.1801466936129703,1.5046145861799067,0.12085539783702762,153,126,8,209,898.8065,3.607205434352778e-08,0.0,0.0,0.0,0.0,0.9739926,3.0180711256175505,4.854987624639901,0.23331675239462038,752,777,8,939,-1.0,False,-1.0,False,False
95,0.0,0.0,0.0,0,0,8,209,1.1958141,0.21933518730657175,-0.12130565244513603,1.522973,0.052675325,0.63679343,0.047460843,0.0,0.0,0.0,0,0,8,939,-1.0,False,-1.0,False,False
96,0.0,0.0,0.0,0,0,8,209,1.9339547,-0.029582419483944244,0.038471981011869216,2.0287158,0.21096593,0.52449936,0.07457231,0.0,0.0,0.0,0,0,8,939,-1.0,False,-1.0,False,False
97,0.0,0.0,0.0,0,0,8,209,1.5141015,0.06542777571782366,-0.029079894225827962,0.72451985,0.3247269,0.23925735,0.05934371,0.0,0.0,0.0,0,0,8,939,-1.0,False,-1.0,False,False
98,4.857690405047111,2.785871504596546,-0.27105411389895867,230,203,8,209,2630.9753,0.014166181905463981,0.0,5170.5776,0.0,0.98263514,0.99096,3.1256746859850084,3.643076305000927,0.07643974785080362,901,872,8,939,-1.0,False,-1.0,False,False
99,0.0,0.0,0.0,0,0,8,209,1.9223413,0.06016571411882743,0.027464649163383537,1.987056,0.09801581,0.51683235,0.074157715,0.0,0.0,0.0,0,0,8,939,-1.0,False,-1.0,False,False
100,0.0,0.0,0.0,0,0,8,209,0.89212143,0.15154541138928557,0.047481266272566325,0.90566266,0.1702891,0.50758934,0.035839505,0.0,0.0,0.0,0,0,8,939,-1.0,False,-1.0,False,False
101,0.0,0.0,0.0,0,0,8,209,2.9032083,0.1666634845105463,0.0006040004323744075,3.082006,0.0014843503,0.53079313,0.1079131,0.0,0.0,0.0,0,0,8,939,-1.0,False,-1.0,False,False
102,0.0,0.0,0.0,0,0,8,209,0.9107749,0.2824608767409895,0.13446367639887097,0.549175,0.34148157,0.30148777,0.036561485,0.0,0.0,0.0,0,0,8,939,-1.0,False,-1.0,False,False
103,0.0,0.0,0.0,0,0,8,209,0.8744842,-0.21190788256082788,0.04732089843458959,1.232127,0.18140982,0.7044878,0.03515588,0.0,0.0,0.0,0,0,8,939,-1.0,False,-1.0,False,False
104,0.0,0.0,0.0,0,0,8,209,1.3999801,-0.0853275379606237,0.08716286756908645,1.4289764,0.45946133,0.51035595,0.055117384,0.0,0.0,0.0,0,0,8,939,-1.0,False,-1.0,False,False
105,0.0,0.0,0.0,0,0,8,209,1.7357619,0.018055916938577332,0.046170416757497335,0.55192876,0.161417,0.15898746,0.06744551,0.0,0.0,0.0,0,0,8,939,-1.0,False,-1.0,False,False
106,0.0,0.0,0.0,0,0,8,209,1.3838336,0.0685467491657088,0.04130830791427148,2.3760107,0.42522034,0.85848856,0.054516353,0.0,0.0,0.0,0,0,8,939,-1.0,False,-1.0,False,False
107,0.0,0.0,0.0,0,0,8,209,0.77313125,-0.2503984577843888,0.10165093197261091,0.84560853,0.4295166,0.54687256,0.03120846,0.0,0.0,0.0,0,0,8,939,-1.0,False,-1.0,False,False
108,0.0,0.0,0.0,0,0,8,209,1.7528727,0.00852232510398887,0.01571714440214489,0.19737442,0.17400077,0.056300275,0.06806512,0.0,0.0,0.0,0,0,8,939,-1.0,False,-1.0,False,False
109,0.0,0.0,0.0,0,0,8,209,1.1587105,-0.1739043534643267,-0.050867679489691786,0.97323966,0.28744644,0.4199667,0.04605603,0.0,0.0,0.0,0,0,8,939,-1.0,False,-1.0,False,False
110,0.7602949560258947,1.1713008158372349,0.21278047187620927,111,111,8,209,1138.4017,-0.2963295156658905,0.39999999999999997,240.40211,0.0,0.10558756,0.97935414,3.7281346150988335,2.1857630009420763,-0.260804585113708,787,591,8,939,-1.0,False,-1.0,False,False
111,0.0,0.0,0.0,0,0,8,209,0.8403736,0.08042102240477833,0.14365874097124412,0.6531841,0.41639963,0.38862732,0.033830956,0.0,0.0,0.0,0,0,8,939,-1.0,False,-1.0,False,False
112,0.0,0.0,0.0,0,0,8,209,0.9439833,-0.23665350394479223,-5.551115123125783e-17,1.0095139,0.017942267,0.5347096,0.03784413,0.0,0.0,0.0,0,0,8,939,-1.0,False,-1.0,False,False
113,0.0,0.0,0.0,0,0,8,209,0.9094948,-0.0852764656273392,0.009069118546050858,0.9203885,0.39908674,0.50598896,0.036511973,0.0,0.0,0.0,0,0,8,939,-1.0,False,-1.0,False,False
114,0.0,0.0,0.0,0,0,8,209,1.8601743,0.03822595824755248,-0.20000001662405784,0.27539527,0.019949459,0.07402404,0.07193201,0.0,0.0,0.0,0,0,8,939,-1.0,False,-1.0,False,False
115,0.0,0.0,0.0,0,0,8,209,1.6642761,-0.01984452787979496,0.028626354791858932,2.5045567,0.090253,0.7524462,0.06484797,0.0,0.0006705653299284946,0.999999998508721,0,1,8,939,-1.0,False,-1.0,False,False
116,0.0,0.0,0.0,0,0,8,209,0.94165874,-0.041121079367009095,0.04020308843492848,1.5955958,0.083095215,0.84722614,0.037754457,0.0,0.0,0.0,0,0,8,939,-1.0,False,-1.0,False,False
117,0.0,0.0,0.0,0,0,8,209,1.078939,0.15918602258592707,-0.04896504671164137,0.48554197,0.13088919,0.225009,0.04302172,0.0,0.0,0.0,0,0,8,939,-1.0,False,-1.0,False,False
118,0.0,0.0,0.0,0,0,8,209,1.2753061,0.005881409004038107,0.11492738877833614,0.050975986,0.29416224,0.019985784,0.050456606,0.0,0.0,0.0,0,0,8,939,-1.0,False,-1.0,False,False
119,0.0,0.0,0.0,0,0,8,209,1.5615767,0.05861084016722928,0.13366458536483317,0.23351733,0.34536704,0.07476972,0.06109079,0.0,0.0,0.0,0,0,8,939,-1.0,False,-1.0,False,False
120,0.0,0.0,0.0,0,0,8,209,1.0012898,-0.09571706342983977,0.13780589899240042,0.60029954,0.36375275,0.29976308,0.040049527,0.0,0.0,0.0,0,0,8,939,-1.0,False,-1.0,False,False
121,0.0,0.0,0.0,0,0,8,209,1.4172003,-0.17639400139931155,0.005815099337728141,1.5660248,0.4043834,0.55250645,0.05575753,0.0,0.0,0.0,0,0,8,939,-1.0,False,-1.0,False,False
122,0.0,0.0,0.0,0,0,8,209,0.7365175,0.19328366419602766,-0.005186876835216958,0.284317,0.13610579,0.19301441,0.029774506,0.0009710982152289603,0.05220414067323977,0.9634755485444076,1,23,8,939,-1.0,False,-1.0,False,False
123,0.0,0.0,0.0,0,0,8,209,1.9473565,0.02318802828123412,0.13083905793628514,0.2693636,0.49187657,0.06916135,0.07505028,0.0,0.0,0.0,0,0,8,939,-1.0,False,-1.0,False,False
124,0.0,0.0,0.0,0,0,8,209,1.8594935,-0.0434569141975677,0.1821461702023275,0.20905419,0.41675285,0.056212667,0.07190758,0.0,0.0,0.0,0,0,8,939,-1.0,False,-1.0,False,False
125,0.0,0.0,0.0,0,0,8,209,1.5360256,-0.18481647968093884,0.06388824650660646,1.3532528,0.009241701,0.4405046,0.060151294,0.0,0.0,0.0,0,0,8,939,-1.0,False,-1.0,False,False
126,0.0,0.0,0.0,0,0,8,209,1.5782907,0.017756400854695098,-0.003256679343515312,2.643066,0.075489625,0.837319,0.0617043,0.0,0.0,0.0,0,0,8,939,-1.0,False,-1.0,False,False
127,0.0,0.0,0.0,0,0,8,209,0.8189302,0.16905920098488303,0.05912269776058254,1.1035093,0.18672393,0.67375046,0.0329962,0.0,0.0,0.0,0,0,8,939,-1.0,False,-1.0,False,False
